/*--------------------------------*- C++ -*----------------------------------*\
| =========                 |                                                 |
| \\      /  F ield         | OpenFOAM: The Open Source CFD Toolbox           |
|  \\    /   O peration     | Version:  5.x                                   |
|   \\  /    A nd           | Web:      www.OpenFOAM.org                      |
|    \\/     M anipulation  |                                                 |
\*---------------------------------------------------------------------------*/
FoamFile
{
    version     2.0;
    format      ascii;
    class       volScalarField;
    location    "0";
    object      thicknessFraction;
}
// * * * * * * * * * * * * * * * * * * * * * * * * * * * * * * * * * * * * * //

dimensions      [0 0 0 0 0 0 0];

internalField   uniform 0;

boundaryField
{
    inlet
    {
        type            fixedValue;
        value           uniform 0;
    }
    outlet
    {
        type            fixedValue;
        value           uniform 0;
    }
    top
    {
        type            symmetryPlane;
    }
    bottom
    {
        type            symmetryPlane;
    }
    back
    {
        type            empty;
    }
    front
    {
        type            empty;
    }
    Surface1
    {
        type            fixedValue;
        value           nonuniform List<scalar> 
368
(
0.995789
1
0.999696
0.999915
0.995864
0.999928
0.999992
1
0.999999
1.00002
0.999983
0.999756
1.00003
0.999969
1.00003
0.999967
1.00003
0.999967
0.999999
1
0.999999
1
0.999972
1.00003
0.999975
1.00003
1.00003
0.999968
0.999991
1
0.998941
0.995831
0.998977
0.999982
0.999997
1
1.00001
0.999999
0.999729
1
0.999999
0.999971
0.999975
0.999971
0.999976
0.999998
1.00002
1.00001
1.00002
1.00001
1
0.999983
1
0.999982
0.999999
0.999984
1
0.999986
1.00002
1
0.999987
1.00002
1
1.00004
1.00003
1.00003
1.00003
1
1.00002
1
1.00002
1
0.99966
0.999922
0.999682
0.995847
0.999007
0.998992
0.999925
0.999701
0.999692
0.999996
0.999999
1.00002
1.00001
0.999997
1.00001
1
1
0.999999
1
1
0.999992
0.999995
1.00001
0.999998
0.999999
0.999991
0.999989
0.999995
0.999742
0.999997
0.999998
1
0.999994
0.999999
0.999997
0.999981
0.999998
1.00003
1.00002
0.999993
1.00001
1.00002
1.00002
1.00002
0.999993
1.00001
0.999982
0.999993
0.999993
1.00003
0.999968
0.999983
0.999994
1.00003
0.99997
1
1
0.999985
1.00002
1.00001
1.00001
0.999998
0.999996
0.999998
1.00002
1.00001
0.999999
1.00001
1
1
0.999983
1.00002
1.00001
1.00001
0.999996
1.00001
0.999985
1.00001
0.999999
0.999993
1.00002
1.00001
0.999986
1.00001
1.00001
1
0.999994
1.00002
0.999968
0.999971
0.999973
1.00001
0.999987
0.99997
0.999973
0.999973
1.00001
0.999987
1
0.999996
1.00001
0.999985
0.999988
1
0.999991
0.999998
1
1
1
0.999998
1.00001
0.999998
1
0.999986
0.999988
1
0.999991
0.999696
0.995789
1.00001
1
1
1.00003
0.999756
0.999968
1.00001
0.999961
0.995864
1.00001
0.999914
0.999962
0.999928
0.999995
0.999985
1.00002
0.999995
0.999986
1.00002
0.999999
1.00003
1.00002
0.999969
0.999983
0.999981
1
0.99973
0.999999
0.999995
0.999993
0.999996
1
1
0.995831
0.998941
0.998977
1
1
0.999999
1
1
1
0.999999
1
0.999999
1.00001
1.00001
1
1.00001
0.999999
1
1
0.999997
0.999997
1
0.999743
0.999997
0.999998
0.99998
0.99998
0.999997
0.999998
0.999987
1.00001
1
0.999998
1
1.00002
1.00002
0.999999
1.00001
0.999994
0.99998
1.00002
0.999999
1.00001
0.999993
0.999971
0.999985
1.00001
0.999981
1.00002
1.00001
0.995847
0.999007
0.998992
0.99966
0.999988
0.999922
0.999682
0.9997
0.999969
0.999925
0.999691
0.999984
0.999992
1
0.999983
1
0.999979
1.00002
0.999994
1.00001
1.00001
1.00001
0.999989
0.999987
1
1
1.00001
0.999992
1.00001
1.00001
1.00001
0.999987
0.999987
1.00001
1
0.999991
0.999997
0.999996
0.999997
1
1
1
0.999998
1.00001
0.999999
0.999987
1
0.999992
0.999997
0.999996
0.999998
1
1
1
0.999998
1.00001
0.999999
1
0.999981
0.999976
1
0.999993
1
0.999992
0.999995
1.00001
0.999999
0.999997
0.999998
0.999992
0.99998
0.99999
0.999995
0.999975
1
0.999992
0.999998
0.999986
0.999998
0.999999
1.00001
1.00001
1
0.999999
0.999992
0.999998
1
0.999999
0.999999
0.999987
1.00002
1.00001
1.00001
0.999993
)
;
    }
    Surface2
    {
        type            fixedValue;
        value           nonuniform List<scalar> 
368
(
1.00001
1
1
0.999696
0.999696
0.999972
1.00003
1.00003
0.999967
0.999995
0.999985
1.00002
0.999995
0.999986
1.00002
0.999999
1.00002
0.999983
0.999999
1
0.999999
1
0.999975
1.00003
0.999992
1
0.999991
1
1.00003
0.999756
0.999968
0.999756
1.00003
0.999969
1.00003
0.999967
1.00001
0.999961
1.00001
0.999962
1.00002
0.999986
1.00002
1
0.999975
0.999971
0.999995
0.999999
1
1
0.999999
1
0.999999
1
1.00001
0.999999
0.999983
1
0.999982
0.999997
0.999984
1
0.999982
0.999999
1.00002
0.999987
1.00003
1.00004
1.00003
1.00003
1.00002
1
1
0.999729
0.999999
0.999729
1
0.999999
0.999976
0.999971
0.999998
1.00001
1.00002
1.00001
1.00002
1
0.999985
1.00001
1.00001
0.999999
0.999993
1.00002
0.999998
1
0.999985
0.999988
1
0.999991
0.999999
1.00002
1.00003
1.00002
0.999993
0.999997
1.00001
0.99998
0.999997
0.999996
0.999997
1
1
1
0.999998
1.00001
0.999999
0.999997
0.999996
0.999998
1
1
1
0.999998
1.00001
0.999999
1
0.999992
0.999995
1.00001
0.999997
0.999998
0.999992
0.99999
0.999995
0.999985
0.999994
1.00002
1.00001
1.00001
0.999998
1.00001
1.00001
0.999996
0.999999
1.00002
1.00001
0.999997
1.00001
1
1
0.999983
0.999992
1.00002
1.00001
1.00001
0.999996
0.999996
0.999998
1.00002
1.00001
0.999999
1.00001
1
1
1
1
0.999986
1.00001
1.00001
1.00001
1
0.999994
1.00002
0.999971
0.999968
0.999973
1.00001
0.999987
0.999973
0.99997
0.999973
1.00001
0.999987
0.999999
1
0.999996
0.999998
1.00001
1.00002
0.999998
1
0.999986
0.999988
1
0.999991
0.999998
1
0.999998
1
1.00001
1
0.999997
1
0.999743
0.999997
0.999998
0.99998
0.999997
0.999998
0.999742
0.999997
0.999998
1
0.999994
0.999999
0.999997
0.999981
0.999998
1.00002
1.00002
1.00002
0.999993
0.999994
1.00001
0.99998
0.999993
0.999982
0.999993
1.00003
0.999993
0.999968
0.999971
0.999994
0.999983
1.00003
0.999988
0.99997
0.999969
1
0.995788
0.995788
0.999999
1.00002
1.00003
0.999983
0.999968
1.00003
0.999969
0.999981
0.999983
1.00002
0.999915
0.995863
0.999928
0.995863
0.999914
0.999928
1
1
1
1.00001
0.999999
0.999993
1
1
1.00001
1.00001
1
1
0.999996
1
1
0.998941
0.99583
0.998977
1
0.99583
0.998941
0.998977
0.999987
1.00001
1
0.999991
1
0.999992
0.999995
1.00001
0.999998
1
0.999999
0.999991
0.999989
0.999981
0.999995
1.00001
1
0.999992
1.00002
0.999999
1.00001
1.00001
0.999989
0.999987
1
1
1.00001
1.00001
1.00001
1.00001
0.999987
0.999987
1.00001
0.999987
1
0.999992
0.999976
1
0.999993
0.999999
0.99998
0.999975
1
0.999992
1
1
0.999998
0.999999
0.999986
1.00001
1.00001
1.00001
1
0.999999
0.999993
1
1
0.999998
0.999999
0.999987
1.00002
1.00001
1.00002
0.999999
1.00001
0.999985
1.00001
0.999981
0.99966
0.999922
0.999682
0.995847
0.999007
0.998992
0.999925
0.999701
0.999692
0.999992
0.999984
1
0.999979
0.995847
0.999006
0.998991
0.99966
0.999922
0.999682
0.9997
0.999925
0.999691
)
;
    }
    Surface3
    {
        type            fixedValue;
        value           nonuniform List<scalar> 
368
(
0.995789
1
0.999696
0.999915
0.995864
0.999928
0.999992
1
0.999999
1.00002
0.999983
0.999756
1.00003
0.999969
1.00003
0.999967
1.00003
0.999967
0.999999
1
0.999999
1
0.999972
1.00003
0.999975
1.00003
1.00003
0.999968
0.999991
1
0.998941
0.995831
0.998977
0.999982
0.999997
1
1.00001
0.999999
0.999729
1
0.999999
0.999971
0.999975
0.999971
0.999976
0.999998
1.00002
1.00001
1.00002
1.00001
1
0.999983
1
0.999982
0.999999
0.999984
1
0.999986
1.00002
1
0.999987
1.00002
1
1.00004
1.00003
1.00003
1.00003
1
1.00002
1
1.00002
1
0.99966
0.999922
0.999682
0.995848
0.999007
0.998992
0.999925
0.999701
0.999692
0.999996
0.999999
1.00002
1.00001
0.999997
1.00001
1
1
0.999999
1
1
0.999992
0.999995
1.00001
0.999998
0.999999
0.999991
0.999989
0.999995
0.999742
0.999997
0.999998
1
0.999994
0.999999
0.999997
0.999981
0.999998
1.00003
1.00002
0.999993
1.00001
1.00002
1.00002
1.00002
0.999993
1.00001
0.999982
0.999993
0.999993
1.00003
0.999968
0.999983
0.999994
1.00003
0.99997
1
1
0.999985
1.00002
1.00001
1.00001
0.999998
0.999996
0.999998
1.00002
1.00001
0.999999
1.00001
1
1
0.999983
1.00002
1.00001
1.00001
0.999996
1.00001
0.999985
1.00001
0.999999
0.999993
1.00002
1.00001
0.999986
1.00001
1.00001
1
0.999994
1.00002
0.999968
0.999971
0.999973
1.00001
0.999987
0.99997
0.999973
0.999973
1.00001
0.999987
1
0.999996
1.00001
0.999985
0.999988
1
0.999991
0.999998
1
1
1
0.999998
1.00001
0.999998
1
0.999986
0.999988
1
0.999991
0.999696
0.995789
1.00001
1
1
1.00003
0.999756
0.999968
1.00001
0.999961
0.995864
1.00001
0.999914
0.999962
0.999928
0.999995
0.999985
1.00002
0.999995
0.999986
1.00002
0.999999
1.00003
1.00002
0.999969
0.999983
0.999981
1
0.99973
0.999999
0.999995
0.999993
0.999996
1
1
0.995831
0.998941
0.998977
1
1
0.999999
1
1
1
0.999999
1
0.999999
1.00001
1.00001
1
1.00001
0.999999
1
1
0.999997
0.999997
1
0.999743
0.999997
0.999998
0.99998
0.99998
0.999997
0.999998
0.999987
1.00001
1
0.999998
1
1.00002
1.00002
0.999999
1.00001
0.999994
0.99998
1.00002
0.999999
1.00001
0.999993
0.999971
0.999985
1.00001
0.999981
1.00002
1.00001
0.995847
0.999007
0.998992
0.99966
0.999988
0.999922
0.999682
0.9997
0.999969
0.999925
0.999691
0.999984
0.999992
1
0.999983
1
0.999979
1.00002
0.999994
1.00001
1.00001
1.00001
0.999989
0.999987
1
1
1.00001
0.999992
1.00001
1.00001
1.00001
0.999987
0.999987
1.00001
1
0.999991
0.999997
0.999996
0.999997
1
1
1
0.999998
1.00001
0.999999
0.999987
1
0.999992
0.999997
0.999996
0.999998
1
1
1
0.999998
1.00001
0.999999
1
0.999981
0.999976
1
0.999993
1
0.999992
0.999995
1.00001
0.999999
0.999997
0.999998
0.999992
0.99998
0.99999
0.999995
0.999975
1
0.999992
0.999998
0.999986
0.999998
0.999999
1.00001
1.00001
1
0.999999
0.999992
0.999998
1
0.999999
0.999999
0.999987
1.00002
1.00001
1.00001
0.999993
)
;
    }
    Surface4
    {
        type            fixedValue;
        value           nonuniform List<scalar> 
736
(
0.995791
1
1.00001
1
0.999696
0.999696
0.999696
1
0.999972
1.00003
1.00003
0.999967
0.999915
0.995866
0.999928
0.999992
1
0.999999
1.00002
0.999983
0.999995
0.999985
1.00002
0.999995
0.999986
1.00002
0.999999
1
0.999999
1
0.999975
1.00003
1.00003
0.999756
0.999968
0.999756
1.00003
0.999969
1.00003
0.999967
0.999756
1.00003
0.999969
0.999967
0.999962
0.999999
1
0.999999
1
0.999972
1.00003
0.999975
1.00003
1.00003
0.999969
0.999991
1
0.999999
1.00002
0.999983
1.00003
0.999992
1
0.999991
1
1.00001
0.999961
1.00001
0.999962
1.00002
0.999986
0.999975
0.999971
0.998942
0.995833
0.998977
0.999982
0.999997
1
1.00001
0.999999
1.00002
1
0.999999
1
1
0.999999
1
0.999999
0.999983
1
0.999982
0.999997
0.999984
1
0.999982
0.999999
1.00002
0.999987
1
0.99973
0.999999
0.999729
1
0.999999
0.999976
0.999971
0.999729
1
0.999999
0.999971
0.999975
0.999995
0.999972
0.999976
0.999998
1.00002
1.00001
1.00002
1.00001
0.999983
1
0.999982
0.999999
0.999984
1
0.999986
1.00002
0.999987
1.00002
1.00004
1.00003
1.00001
1.00003
1.00003
1.00002
1
1.00002
1
1
1.00001
0.999999
1.00003
1.00004
1.00001
1.00003
1.00003
1.00002
1
1.00001
1.00002
1
1.00001
1.00002
0.999985
1.00001
1.00001
0.999999
0.999993
1.00002
1.00002
1.00003
0.999993
0.999997
1.00001
0.99998
0.99966
0.999922
0.999682
0.995849
0.999007
0.998993
0.999925
0.999701
0.999692
0.999996
0.999999
1.00002
1.00001
0.999997
1.00001
1
0.999999
1
1
0.999992
0.999995
1.00001
0.999998
0.999999
0.999991
0.999989
0.999995
0.999998
1
0.999985
0.999988
1
0.999991
1
0.999999
0.999997
0.999996
0.999997
1
1
1
0.999998
1.00001
0.999999
0.999997
0.999996
0.999998
1
1
1
0.999998
1.00001
0.999999
0.999985
0.999994
1.00002
1.00001
1.00001
0.999998
0.999996
0.999999
1.00002
1.00001
0.999997
1.00001
1
1
0.999983
0.999992
1.00002
1.00001
1.00001
0.999996
0.999996
0.999998
1.00002
1.00001
0.999999
1.00001
1
1
0.999986
1.00001
1.00001
1
0.999994
1.00002
1
0.999997
1
0.999743
0.999997
0.999998
0.99998
0.999997
0.999998
0.999742
0.999997
0.999998
1
0.999994
0.999999
0.999997
0.999981
0.999998
1.00002
1.00002
1.00002
0.999993
0.999994
1.00001
0.99998
0.999742
0.999997
0.999998
1
0.999994
0.999999
0.999997
0.999981
0.999998
1.00003
1.00002
0.999993
0.999997
1.00001
1.00002
1.00002
0.999993
0.999994
1.00001
0.99998
0.999982
0.999993
0.999993
1.00003
0.999993
0.999968
0.999971
0.999983
0.999994
1.00003
0.999988
0.99997
0.999969
1
1
0.999994
1.00002
1.00001
1.00001
0.999998
0.999996
0.999998
1.00002
1.00001
0.999999
1.00001
1
1
1
1
0.999992
1.00002
1.00001
1.00001
0.999996
1.00001
0.999985
1.00001
1.00001
0.999999
0.999993
1.00002
1.00001
0.999986
1.00001
1
0.999994
1.00002
0.999968
0.999971
0.999973
1.00001
1
0.999987
0.999981
0.99997
0.999973
1.00001
0.999999
0.999987
0.99998
0.999996
1.00001
1
0.999985
0.999988
1
0.999991
0.999998
1
1
0.999998
1.00001
1
0.999986
0.999988
1
0.999991
1
0.999992
0.999995
1.00001
0.999997
0.999998
0.999992
0.99999
0.999995
0.999971
0.999968
0.999973
1.00001
1
0.999987
0.999973
0.99997
1.00001
0.999987
0.999999
1
0.999996
1.00001
1.00002
1.00001
0.999998
1
0.999986
0.999988
1
0.999991
0.999998
1
0.999998
1.00001
1.00001
0.999993
0.999982
1.00003
0.999993
0.999968
0.999971
0.999994
0.999983
0.999992
1.00003
0.999988
0.99997
0.999969
0.999696
1
0.995791
1.00001
1
1
0.995789
0.995789
1.00003
1.00003
0.999756
0.999968
0.999999
1.00002
0.999983
0.999968
1.00003
0.999967
1.00001
0.999961
0.995866
1.00001
0.999914
0.999928
0.999995
0.999985
1.00002
0.999995
0.999986
1.00002
1.00003
0.999968
0.999999
1.00002
0.999983
0.999981
1.00002
0.999983
1.00002
1.00003
0.999969
0.999981
0.999983
1.00002
0.999915
0.995864
0.999928
0.995864
0.999914
0.999928
1
1
0.999995
0.999993
1
0.99973
0.999999
1
1.00001
0.999999
1
1
0.999998
0.999996
0.999993
0.999996
1
1
0.995833
0.998942
0.998977
1
1
1
1
0.999999
1
1
1
1
0.999999
1
0.999999
1.00001
1
1.00001
0.999999
1
1
1.00001
1
1
1
0.998941
0.995831
0.998977
1
1
0.995831
0.998941
0.998977
0.999987
1.00001
1
0.999991
1.00002
1.00002
0.999999
1.00001
1
0.999997
1
0.999743
0.999997
0.999998
0.99998
0.99998
0.999997
0.999998
0.999987
1
1.00001
1
0.999998
1
0.999999
1
0.999992
0.999995
1.00001
0.999998
0.999999
0.999991
0.999989
0.999981
0.999995
1.00001
0.999992
1.00001
1.00001
1.00001
0.999989
0.999987
1
1
1.00001
1.00001
1.00001
1.00001
0.999987
0.999987
1
1
1.00001
0.999987
1.00001
1
0.999992
1.00002
0.999999
1.00001
1.00002
1.00002
0.999999
1.00001
1.00002
1.00002
0.999999
1.00001
0.999985
1.00001
0.999981
1.00001
0.995849
0.999007
0.998992
0.99966
0.999922
0.999682
0.999701
0.999925
0.999691
0.999984
0.999992
1
1
0.999979
1.00001
0.999985
1.00001
1.00001
1.00001
0.999989
0.999987
1.00001
0.999983
1.00001
1.00001
1.00001
0.999988
0.999987
1
0.999991
0.999997
0.999996
0.999997
1
1
1
0.999998
1.00001
0.999999
1.00001
0.999987
1
0.999992
0.999997
0.999996
0.999998
1
1
1
0.999998
1.00001
0.999999
0.999976
1
0.999993
1
0.999992
0.999995
1.00001
0.999997
0.999998
0.999992
0.99999
0.999995
0.999973
0.999975
1
0.999992
0.999998
0.999986
0.999998
0.999999
1.00001
1.00001
1
0.999992
0.999998
1
1
0.999999
0.999987
0.999998
0.999999
1.00002
1.00001
0.999993
0.999999
0.99998
0.999976
1
0.999993
0.999975
0.999973
1
0.999992
1
1
0.999998
0.999986
0.999998
0.999999
1.00001
1.00001
1
0.999999
0.999993
1
1
1
0.999987
0.999998
0.999999
1.00002
0.999985
0.999993
1.00001
0.999981
0.99966
0.999922
0.999682
0.995848
0.999007
0.998992
0.999925
0.999701
0.999692
0.999984
1
0.999979
0.995847
0.999007
0.998992
0.99966
0.999922
0.999682
0.9997
0.999925
0.999691
)
;
    }
}


// ************************************************************************* //
