/*--------------------------------*- C++ -*----------------------------------*\
| =========                 |                                                 |
| \\      /  F ield         | OpenFOAM: The Open Source CFD Toolbox           |
|  \\    /   O peration     | Version:  5.x                                   |
|   \\  /    A nd           | Web:      www.OpenFOAM.org                      |
|    \\/     M anipulation  |                                                 |
\*---------------------------------------------------------------------------*/
FoamFile
{
    version     2.0;
    format      ascii;
    class       volScalarField;
    location    "0";
    object      thickness;
}
// * * * * * * * * * * * * * * * * * * * * * * * * * * * * * * * * * * * * * //

dimensions      [0 0 0 0 0 0 0];

internalField   uniform 0;

boundaryField
{
    inlet
    {
        type            fixedValue;
        value           uniform 0;
    }
    outlet
    {
        type            fixedValue;
        value           uniform 0;
    }
    top
    {
        type            symmetryPlane;
    }
    bottom
    {
        type            symmetryPlane;
    }
    back
    {
        type            empty;
    }
    front
    {
        type            empty;
    }
    Surface1
    {
        type            fixedValue;
        value           nonuniform List<scalar> 
368
(
0.000560851
0.000563223
0.000563051
0.000563174
0.000560893
0.000563182
0.000563218
0.000563225
0.000563222
0.000563232
0.000563213
0.000563085
0.000563239
0.000563205
0.000563242
0.000563204
0.00056324
0.000563204
0.000563222
0.000563223
0.000563222
0.000563223
0.000563207
0.000563238
0.000563209
0.000563238
0.000563241
0.000563205
0.000563218
0.000563225
0.000562626
0.000560874
0.000562646
0.000563212
0.000563221
0.000563222
0.000563227
0.000563222
0.00056307
0.000563224
0.000563222
0.000563206
0.000563209
0.000563207
0.000563209
0.000563221
0.000563234
0.000563227
0.000563234
0.000563228
0.000563225
0.000563213
0.000563222
0.000563213
0.000563222
0.000563214
0.000563223
0.000563215
0.000563232
0.000563223
0.000563216
0.000563232
0.000563224
0.000563242
0.000563241
0.000563242
0.00056324
0.000563225
0.000563232
0.000563224
0.000563231
0.000563224
0.000563031
0.000563179
0.000563044
0.000560884
0.000562663
0.000562655
0.00056318
0.000563054
0.000563049
0.00056322
0.000563222
0.000563232
0.00056323
0.000563221
0.000563228
0.000563224
0.000563223
0.000563222
0.000563224
0.000563222
0.000563218
0.00056322
0.000563227
0.000563222
0.000563222
0.000563218
0.000563217
0.00056322
0.000563078
0.000563221
0.000563221
0.000563224
0.000563219
0.000563222
0.000563221
0.000563212
0.000563222
0.000563238
0.000563235
0.000563219
0.000563226
0.000563237
0.000563235
0.000563233
0.000563219
0.000563226
0.000563212
0.000563219
0.000563218
0.000563239
0.000563205
0.000563213
0.000563219
0.000563237
0.000563206
0.000563222
0.000563223
0.000563214
0.000563232
0.000563229
0.000563226
0.000563221
0.00056322
0.000563222
0.000563232
0.00056323
0.000563222
0.000563228
0.000563222
0.000563223
0.000563213
0.000563232
0.000563229
0.000563226
0.00056322
0.00056323
0.000563214
0.000563227
0.000563222
0.000563219
0.000563232
0.00056323
0.000563215
0.000563228
0.000563228
0.000563224
0.000563219
0.000563232
0.000563204
0.000563206
0.000563208
0.00056323
0.000563215
0.000563206
0.000563207
0.000563207
0.000563229
0.000563215
0.000563223
0.00056322
0.000563227
0.000563214
0.000563216
0.000563223
0.000563218
0.000563221
0.000563223
0.000563224
0.000563224
0.000563221
0.000563228
0.000563222
0.000563223
0.000563215
0.000563216
0.000563223
0.000563218
0.000563051
0.000560851
0.000563225
0.000563225
0.000563223
0.000563241
0.000563085
0.000563205
0.000563227
0.000563201
0.000560893
0.000563226
0.000563174
0.000563201
0.000563182
0.00056322
0.000563214
0.000563231
0.00056322
0.000563215
0.000563231
0.000563222
0.000563239
0.000563231
0.000563205
0.000563213
0.000563212
0.000563224
0.00056307
0.000563222
0.00056322
0.000563219
0.00056322
0.000563225
0.000563225
0.000560874
0.000562626
0.000562646
0.000563224
0.000563225
0.000563222
0.000563225
0.000563222
0.000563224
0.000563222
0.000563225
0.000563222
0.000563227
0.000563227
0.000563222
0.000563226
0.000563222
0.000563225
0.000563224
0.000563221
0.000563221
0.000563222
0.000563078
0.000563221
0.000563221
0.000563212
0.000563211
0.000563221
0.000563221
0.000563215
0.000563229
0.000563223
0.000563222
0.000563223
0.000563233
0.000563235
0.000563222
0.000563226
0.000563219
0.000563212
0.000563235
0.000563222
0.000563226
0.000563219
0.000563206
0.000563214
0.000563227
0.000563212
0.000563233
0.000563229
0.000560884
0.000562663
0.000562655
0.000563031
0.000563216
0.000563178
0.000563043
0.000563054
0.000563205
0.00056318
0.000563049
0.000563214
0.000563218
0.000563224
0.000563213
0.000563223
0.000563211
0.000563233
0.000563219
0.000563229
0.000563226
0.000563226
0.000563217
0.000563215
0.000563224
0.000563223
0.000563228
0.000563218
0.000563229
0.000563226
0.000563226
0.000563216
0.000563215
0.000563228
0.000563223
0.000563218
0.000563221
0.00056322
0.000563221
0.000563224
0.000563223
0.000563222
0.000563222
0.000563228
0.000563222
0.000563215
0.000563223
0.000563218
0.000563221
0.00056322
0.000563221
0.000563223
0.000563224
0.000563222
0.000563222
0.000563228
0.000563222
0.000563224
0.000563212
0.000563209
0.000563225
0.000563219
0.000563222
0.000563218
0.00056322
0.000563227
0.000563222
0.000563221
0.000563222
0.000563218
0.000563212
0.000563217
0.00056322
0.000563209
0.000563223
0.000563218
0.000563221
0.000563215
0.000563222
0.000563222
0.00056323
0.000563229
0.000563223
0.000563222
0.000563218
0.000563221
0.000563223
0.000563222
0.000563222
0.000563215
0.000563231
0.00056323
0.000563228
0.000563219
)
;
    }
    Surface2
    {
        type            fixedValue;
        value           nonuniform List<scalar> 
368
(
0.000563225
0.000563225
0.000563223
0.000563051
0.000563051
0.000563207
0.000563238
0.000563242
0.000563204
0.00056322
0.000563214
0.000563231
0.00056322
0.000563215
0.000563231
0.000563222
0.000563231
0.000563213
0.000563222
0.000563223
0.000563222
0.000563223
0.000563209
0.000563238
0.000563218
0.000563225
0.000563218
0.000563225
0.000563241
0.000563085
0.000563205
0.000563085
0.000563239
0.000563205
0.00056324
0.000563204
0.000563227
0.000563201
0.000563226
0.000563201
0.000563232
0.000563215
0.000563232
0.000563224
0.000563209
0.000563206
0.00056322
0.000563222
0.000563225
0.000563222
0.000563222
0.000563225
0.000563222
0.000563222
0.000563226
0.000563222
0.000563213
0.000563222
0.000563212
0.000563221
0.000563214
0.000563223
0.000563213
0.000563222
0.000563232
0.000563216
0.000563241
0.000563242
0.00056324
0.000563242
0.000563231
0.000563224
0.000563224
0.00056307
0.000563222
0.00056307
0.000563224
0.000563222
0.000563209
0.000563207
0.000563221
0.000563227
0.000563234
0.000563228
0.000563234
0.000563225
0.000563214
0.00056323
0.000563227
0.000563222
0.000563219
0.000563232
0.000563222
0.000563223
0.000563214
0.000563216
0.000563223
0.000563218
0.000563222
0.000563235
0.000563238
0.000563233
0.000563219
0.000563221
0.000563226
0.000563211
0.000563221
0.00056322
0.000563221
0.000563224
0.000563223
0.000563222
0.000563222
0.000563228
0.000563222
0.000563221
0.00056322
0.000563221
0.000563223
0.000563224
0.000563222
0.000563222
0.000563228
0.000563222
0.000563222
0.000563218
0.00056322
0.000563227
0.000563221
0.000563222
0.000563218
0.000563217
0.00056322
0.000563214
0.000563219
0.000563232
0.000563229
0.000563226
0.000563221
0.000563229
0.000563226
0.00056322
0.000563222
0.000563232
0.00056323
0.000563221
0.000563228
0.000563222
0.000563223
0.000563213
0.000563218
0.000563232
0.000563229
0.000563226
0.00056322
0.00056322
0.000563222
0.000563232
0.00056323
0.000563222
0.000563228
0.000563224
0.000563223
0.000563222
0.000563223
0.000563215
0.00056323
0.000563228
0.000563228
0.000563224
0.000563219
0.000563232
0.000563206
0.000563204
0.000563208
0.00056323
0.000563215
0.000563207
0.000563206
0.000563207
0.000563229
0.000563215
0.000563222
0.000563224
0.00056322
0.000563221
0.000563227
0.000563233
0.000563222
0.000563223
0.000563215
0.000563216
0.000563223
0.000563218
0.000563221
0.000563223
0.000563221
0.000563223
0.000563228
0.000563224
0.000563221
0.000563222
0.000563078
0.000563221
0.000563221
0.000563212
0.000563221
0.000563221
0.000563078
0.000563221
0.000563221
0.000563224
0.000563219
0.000563222
0.000563221
0.000563212
0.000563222
0.000563235
0.000563237
0.000563233
0.000563219
0.000563219
0.000563226
0.000563212
0.000563219
0.000563212
0.000563218
0.000563239
0.000563219
0.000563205
0.000563206
0.000563219
0.000563213
0.000563237
0.000563216
0.000563206
0.000563205
0.000563223
0.00056085
0.000560851
0.000563222
0.000563232
0.000563241
0.000563213
0.000563205
0.000563239
0.000563205
0.000563212
0.000563213
0.000563233
0.000563174
0.000560893
0.000563182
0.000560893
0.000563174
0.000563182
0.000563225
0.000563223
0.000563222
0.000563227
0.000563222
0.000563219
0.000563224
0.000563224
0.000563227
0.000563227
0.000563225
0.000563225
0.00056322
0.000563225
0.000563225
0.000562626
0.000560874
0.000562646
0.000563224
0.000560874
0.000562626
0.000562646
0.000563215
0.000563228
0.000563223
0.000563218
0.000563222
0.000563218
0.00056322
0.000563227
0.000563222
0.000563224
0.000563222
0.000563218
0.000563217
0.000563212
0.00056322
0.000563229
0.000563223
0.000563218
0.000563235
0.000563222
0.000563226
0.000563226
0.000563217
0.000563215
0.000563224
0.000563223
0.000563229
0.000563226
0.000563229
0.000563226
0.000563216
0.000563215
0.000563228
0.000563215
0.000563223
0.000563218
0.000563209
0.000563225
0.000563219
0.000563222
0.000563212
0.000563209
0.000563223
0.000563218
0.000563223
0.000563223
0.000563222
0.000563222
0.000563215
0.00056323
0.000563229
0.000563228
0.000563223
0.000563222
0.000563219
0.000563224
0.000563224
0.000563221
0.000563222
0.000563215
0.000563231
0.00056323
0.000563235
0.000563222
0.000563226
0.000563214
0.000563227
0.000563212
0.000563031
0.000563179
0.000563044
0.000560883
0.000562663
0.000562655
0.00056318
0.000563054
0.000563049
0.000563218
0.000563214
0.000563224
0.000563211
0.000560883
0.000562663
0.000562655
0.000563031
0.000563178
0.000563043
0.000563054
0.00056318
0.000563049
)
;
    }
    Surface3
    {
        type            fixedValue;
        value           nonuniform List<scalar> 
368
(
0.000560851
0.000563223
0.000563051
0.000563174
0.000560893
0.000563182
0.000563218
0.000563225
0.000563222
0.000563232
0.000563213
0.000563085
0.000563239
0.000563205
0.000563242
0.000563204
0.00056324
0.000563204
0.000563222
0.000563223
0.000563222
0.000563223
0.000563207
0.000563238
0.000563209
0.000563238
0.000563241
0.000563205
0.000563218
0.000563225
0.000562626
0.000560874
0.000562646
0.000563212
0.000563221
0.000563222
0.000563227
0.000563222
0.00056307
0.000563224
0.000563222
0.000563206
0.000563209
0.000563207
0.000563209
0.000563221
0.000563234
0.000563227
0.000563234
0.000563228
0.000563225
0.000563213
0.000563222
0.000563213
0.000563222
0.000563214
0.000563223
0.000563215
0.000563232
0.000563223
0.000563216
0.000563232
0.000563224
0.000563242
0.000563241
0.000563242
0.00056324
0.000563225
0.000563232
0.000563224
0.000563231
0.000563224
0.000563031
0.000563179
0.000563044
0.000560884
0.000562663
0.000562655
0.00056318
0.000563054
0.000563049
0.00056322
0.000563222
0.000563232
0.00056323
0.000563221
0.000563228
0.000563224
0.000563223
0.000563222
0.000563224
0.000563222
0.000563218
0.00056322
0.000563227
0.000563222
0.000563222
0.000563218
0.000563217
0.00056322
0.000563078
0.000563221
0.000563221
0.000563224
0.000563219
0.000563222
0.000563221
0.000563212
0.000563222
0.000563238
0.000563235
0.000563219
0.000563226
0.000563237
0.000563235
0.000563233
0.000563219
0.000563226
0.000563212
0.000563219
0.000563218
0.000563239
0.000563205
0.000563213
0.000563219
0.000563237
0.000563206
0.000563222
0.000563223
0.000563214
0.000563232
0.000563229
0.000563226
0.000563221
0.00056322
0.000563222
0.000563232
0.00056323
0.000563222
0.000563228
0.000563222
0.000563223
0.000563213
0.000563232
0.000563229
0.000563226
0.00056322
0.00056323
0.000563214
0.000563227
0.000563222
0.000563219
0.000563232
0.00056323
0.000563215
0.000563228
0.000563228
0.000563224
0.000563219
0.000563232
0.000563204
0.000563206
0.000563208
0.00056323
0.000563215
0.000563206
0.000563207
0.000563207
0.000563229
0.000563215
0.000563223
0.00056322
0.000563227
0.000563214
0.000563216
0.000563223
0.000563218
0.000563221
0.000563223
0.000563224
0.000563224
0.000563221
0.000563228
0.000563222
0.000563223
0.000563215
0.000563216
0.000563223
0.000563218
0.000563051
0.000560851
0.000563225
0.000563225
0.000563223
0.000563241
0.000563085
0.000563205
0.000563227
0.000563201
0.000560893
0.000563226
0.000563174
0.000563201
0.000563182
0.00056322
0.000563214
0.000563231
0.00056322
0.000563215
0.000563231
0.000563222
0.000563239
0.000563231
0.000563205
0.000563213
0.000563212
0.000563224
0.00056307
0.000563222
0.00056322
0.000563219
0.00056322
0.000563225
0.000563225
0.000560874
0.000562626
0.000562646
0.000563224
0.000563225
0.000563222
0.000563225
0.000563222
0.000563224
0.000563222
0.000563225
0.000563222
0.000563227
0.000563227
0.000563222
0.000563226
0.000563222
0.000563225
0.000563224
0.000563221
0.000563221
0.000563222
0.000563078
0.000563221
0.000563221
0.000563212
0.000563211
0.000563221
0.000563221
0.000563215
0.000563229
0.000563223
0.000563222
0.000563223
0.000563233
0.000563235
0.000563222
0.000563226
0.000563219
0.000563212
0.000563235
0.000563222
0.000563226
0.000563219
0.000563206
0.000563214
0.000563227
0.000563212
0.000563233
0.000563229
0.000560884
0.000562663
0.000562655
0.000563031
0.000563216
0.000563178
0.000563043
0.000563054
0.000563205
0.00056318
0.000563049
0.000563214
0.000563218
0.000563224
0.000563213
0.000563223
0.000563211
0.000563233
0.000563219
0.000563229
0.000563226
0.000563226
0.000563217
0.000563215
0.000563224
0.000563223
0.000563228
0.000563218
0.000563229
0.000563226
0.000563226
0.000563216
0.000563215
0.000563228
0.000563223
0.000563218
0.000563221
0.00056322
0.000563221
0.000563224
0.000563223
0.000563222
0.000563222
0.000563228
0.000563222
0.000563215
0.000563223
0.000563218
0.000563221
0.00056322
0.000563221
0.000563223
0.000563224
0.000563222
0.000563222
0.000563228
0.000563222
0.000563224
0.000563212
0.000563209
0.000563225
0.000563219
0.000563222
0.000563218
0.00056322
0.000563227
0.000563222
0.000563221
0.000563222
0.000563218
0.000563212
0.000563217
0.00056322
0.000563209
0.000563223
0.000563218
0.000563221
0.000563215
0.000563222
0.000563222
0.00056323
0.000563229
0.000563223
0.000563222
0.000563218
0.000563221
0.000563223
0.000563222
0.000563222
0.000563215
0.000563231
0.00056323
0.000563228
0.000563219
)
;
    }
    Surface4
    {
        type            fixedValue;
        value           nonuniform List<scalar> 
736
(
0.000560852
0.000563223
0.000563225
0.000563225
0.000563051
0.000563051
0.000563051
0.000563223
0.000563207
0.000563238
0.000563242
0.000563204
0.000563174
0.000560894
0.000563182
0.000563218
0.000563225
0.000563222
0.000563232
0.000563213
0.00056322
0.000563214
0.000563231
0.00056322
0.000563215
0.000563231
0.000563222
0.000563223
0.000563222
0.000563223
0.000563209
0.000563238
0.000563241
0.000563085
0.000563205
0.000563085
0.000563239
0.000563205
0.00056324
0.000563204
0.000563085
0.000563239
0.000563205
0.000563204
0.000563201
0.000563222
0.000563223
0.000563222
0.000563223
0.000563207
0.000563238
0.000563209
0.000563238
0.000563239
0.000563205
0.000563218
0.000563225
0.000563222
0.000563231
0.000563213
0.000563241
0.000563218
0.000563225
0.000563218
0.000563225
0.000563227
0.000563201
0.000563226
0.000563201
0.000563232
0.000563215
0.000563209
0.000563206
0.000562626
0.000560875
0.000562647
0.000563212
0.000563221
0.000563222
0.000563227
0.000563222
0.000563232
0.000563224
0.000563222
0.000563225
0.000563222
0.000563222
0.000563225
0.000563222
0.000563213
0.000563222
0.000563212
0.000563221
0.000563214
0.000563223
0.000563213
0.000563222
0.000563232
0.000563216
0.000563224
0.00056307
0.000563222
0.00056307
0.000563224
0.000563222
0.000563209
0.000563207
0.00056307
0.000563224
0.000563222
0.000563206
0.000563209
0.00056322
0.000563207
0.000563209
0.000563221
0.000563234
0.000563227
0.000563234
0.000563228
0.000563213
0.000563222
0.000563213
0.000563222
0.000563214
0.000563223
0.000563215
0.000563232
0.000563216
0.000563232
0.000563242
0.000563241
0.000563227
0.000563242
0.00056324
0.000563232
0.000563224
0.000563231
0.000563224
0.000563222
0.000563226
0.000563222
0.000563241
0.000563242
0.000563227
0.00056324
0.000563242
0.000563231
0.000563224
0.000563227
0.000563234
0.000563225
0.000563228
0.000563234
0.000563214
0.00056323
0.000563227
0.000563222
0.000563219
0.000563232
0.000563235
0.000563238
0.000563219
0.000563221
0.000563226
0.000563211
0.000563031
0.000563179
0.000563044
0.000560885
0.000562664
0.000562655
0.00056318
0.000563054
0.000563049
0.00056322
0.000563222
0.000563232
0.00056323
0.000563221
0.000563228
0.000563223
0.000563222
0.000563224
0.000563222
0.000563218
0.00056322
0.000563227
0.000563222
0.000563222
0.000563218
0.000563217
0.00056322
0.000563222
0.000563223
0.000563214
0.000563216
0.000563223
0.000563218
0.000563223
0.000563222
0.000563221
0.00056322
0.000563221
0.000563224
0.000563223
0.000563222
0.000563222
0.000563228
0.000563222
0.000563221
0.00056322
0.000563221
0.000563223
0.000563224
0.000563222
0.000563222
0.000563228
0.000563222
0.000563214
0.000563219
0.000563232
0.000563229
0.000563226
0.000563221
0.00056322
0.000563222
0.000563232
0.00056323
0.000563221
0.000563228
0.000563222
0.000563223
0.000563213
0.000563218
0.000563232
0.000563229
0.000563226
0.00056322
0.00056322
0.000563222
0.000563232
0.00056323
0.000563222
0.000563228
0.000563222
0.000563223
0.000563215
0.00056323
0.000563228
0.000563224
0.000563219
0.000563232
0.000563224
0.000563221
0.000563222
0.000563078
0.000563221
0.000563221
0.000563212
0.000563221
0.000563221
0.000563078
0.000563221
0.000563221
0.000563224
0.000563219
0.000563222
0.000563221
0.000563212
0.000563222
0.000563235
0.000563237
0.000563233
0.000563219
0.000563219
0.000563226
0.000563212
0.000563078
0.000563221
0.000563221
0.000563224
0.000563219
0.000563222
0.000563221
0.000563212
0.000563222
0.000563238
0.000563235
0.000563219
0.000563221
0.000563226
0.000563237
0.000563235
0.000563219
0.000563219
0.000563226
0.000563211
0.000563212
0.000563219
0.000563218
0.000563239
0.000563219
0.000563205
0.000563206
0.000563213
0.000563219
0.000563237
0.000563216
0.000563206
0.000563205
0.000563222
0.000563223
0.000563219
0.000563232
0.000563229
0.000563226
0.000563221
0.00056322
0.000563222
0.000563232
0.00056323
0.000563222
0.000563228
0.000563224
0.000563223
0.000563222
0.000563223
0.000563218
0.000563232
0.000563229
0.000563226
0.00056322
0.00056323
0.000563214
0.000563228
0.000563227
0.000563222
0.000563219
0.000563232
0.00056323
0.000563215
0.000563228
0.000563224
0.000563219
0.000563232
0.000563204
0.000563206
0.000563208
0.00056323
0.000563224
0.000563215
0.000563212
0.000563206
0.000563207
0.000563229
0.000563222
0.000563215
0.000563212
0.00056322
0.000563227
0.000563223
0.000563214
0.000563216
0.000563223
0.000563218
0.000563221
0.000563223
0.000563224
0.000563221
0.000563228
0.000563223
0.000563215
0.000563216
0.000563223
0.000563218
0.000563222
0.000563218
0.00056322
0.000563227
0.000563221
0.000563222
0.000563218
0.000563217
0.00056322
0.000563206
0.000563204
0.000563208
0.00056323
0.000563224
0.000563215
0.000563207
0.000563206
0.000563229
0.000563215
0.000563222
0.000563224
0.00056322
0.000563227
0.000563233
0.000563229
0.000563222
0.000563223
0.000563215
0.000563216
0.000563223
0.000563218
0.000563221
0.000563223
0.000563221
0.000563228
0.00056323
0.000563219
0.000563212
0.000563239
0.000563219
0.000563205
0.000563206
0.000563219
0.000563213
0.000563218
0.000563237
0.000563216
0.000563206
0.000563205
0.000563051
0.000563223
0.000560852
0.000563225
0.000563225
0.000563223
0.000560851
0.000560851
0.000563241
0.000563242
0.000563085
0.000563205
0.000563222
0.000563232
0.000563213
0.000563205
0.00056324
0.000563204
0.000563227
0.000563201
0.000560894
0.000563226
0.000563174
0.000563182
0.00056322
0.000563214
0.000563231
0.00056322
0.000563215
0.000563231
0.000563241
0.000563205
0.000563222
0.000563231
0.000563213
0.000563212
0.000563233
0.000563213
0.000563233
0.000563239
0.000563205
0.000563212
0.000563213
0.000563233
0.000563174
0.000560893
0.000563182
0.000560893
0.000563174
0.000563182
0.000563225
0.000563223
0.00056322
0.000563219
0.000563224
0.00056307
0.000563222
0.000563222
0.000563227
0.000563222
0.000563224
0.000563224
0.000563221
0.00056322
0.000563219
0.00056322
0.000563225
0.000563225
0.000560875
0.000562627
0.000562647
0.000563224
0.000563225
0.000563225
0.000563223
0.000563222
0.000563225
0.000563222
0.000563224
0.000563224
0.000563222
0.000563225
0.000563222
0.000563227
0.000563222
0.000563226
0.000563222
0.000563225
0.000563225
0.000563227
0.000563225
0.000563225
0.000563225
0.000562626
0.000560874
0.000562646
0.000563225
0.000563224
0.000560874
0.000562626
0.000562646
0.000563215
0.000563228
0.000563223
0.000563218
0.000563233
0.000563235
0.000563222
0.000563226
0.000563224
0.000563221
0.000563222
0.000563078
0.000563221
0.000563221
0.000563212
0.000563211
0.000563221
0.000563221
0.000563215
0.000563224
0.000563229
0.000563223
0.000563222
0.000563223
0.000563222
0.000563222
0.000563218
0.00056322
0.000563227
0.000563222
0.000563222
0.000563218
0.000563217
0.000563212
0.00056322
0.000563229
0.000563218
0.000563226
0.000563229
0.000563226
0.000563217
0.000563215
0.000563224
0.000563223
0.000563229
0.000563226
0.000563229
0.000563226
0.000563216
0.000563215
0.000563224
0.000563223
0.000563228
0.000563215
0.000563228
0.000563223
0.000563218
0.000563235
0.000563222
0.000563226
0.000563233
0.000563235
0.000563222
0.000563226
0.000563235
0.000563233
0.000563222
0.000563226
0.000563214
0.000563227
0.000563212
0.000563229
0.000560885
0.000562663
0.000562655
0.000563031
0.000563178
0.000563044
0.000563054
0.00056318
0.000563049
0.000563214
0.000563218
0.000563224
0.000563223
0.000563211
0.00056323
0.000563214
0.000563229
0.000563226
0.000563226
0.000563217
0.000563215
0.000563228
0.000563213
0.000563229
0.000563226
0.000563226
0.000563216
0.000563215
0.000563223
0.000563218
0.000563221
0.00056322
0.000563221
0.000563224
0.000563223
0.000563222
0.000563222
0.000563228
0.000563222
0.000563228
0.000563215
0.000563223
0.000563218
0.000563221
0.00056322
0.000563221
0.000563223
0.000563224
0.000563222
0.000563222
0.000563228
0.000563222
0.000563209
0.000563225
0.000563219
0.000563222
0.000563218
0.00056322
0.000563227
0.000563221
0.000563222
0.000563218
0.000563217
0.00056322
0.000563207
0.000563209
0.000563223
0.000563218
0.000563221
0.000563215
0.000563222
0.000563222
0.00056323
0.000563229
0.000563223
0.000563218
0.000563222
0.000563224
0.000563223
0.000563222
0.000563215
0.000563221
0.000563222
0.000563231
0.000563228
0.000563219
0.000563222
0.000563212
0.000563209
0.000563225
0.000563219
0.000563209
0.000563207
0.000563223
0.000563218
0.000563223
0.000563223
0.000563221
0.000563215
0.000563222
0.000563222
0.00056323
0.000563228
0.000563223
0.000563222
0.000563219
0.000563224
0.000563224
0.000563223
0.000563215
0.000563221
0.000563222
0.000563231
0.000563214
0.000563218
0.000563227
0.000563212
0.000563031
0.000563179
0.000563044
0.000560884
0.000562663
0.000562655
0.00056318
0.000563054
0.000563049
0.000563214
0.000563224
0.000563211
0.000560884
0.000562663
0.000562655
0.000563031
0.000563178
0.000563043
0.000563054
0.00056318
0.000563049
)
;
    }
}


// ************************************************************************* //
